0 1 100 20 20 120 20
0 7 141 20 20 120 120
0 6 100 20 20 20 120
1 2 90 120 20 210 20
1 8 135 120 20 210 120
2 3 100 210 20 310 20
3 4 100 310 20 410 20
3 10 141 310 20 410 120
4 5 90 410 20 500 20
5 10 135 500 20 410 120
6 12 100 20 120 20 220
7 14 135 120 120 210 220
7 13 100 120 120 120 220
8 9 100 210 120 310 120
9 14 141 310 120 210 220
9 16 141 310 120 410 220
10 11 90 410 120 500 120
10 16 100 410 120 410 220
12 18 80 20 220 20 300
13 14 90 120 220 210 220
13 20 120 120 220 210 300
14 20 80 210 220 210 300
15 21 80 310 220 310 300
15 22 128 310 220 410 300
15 23 206 310 220 500 300
17 23 80 500 220 500 300
18 19 100 20 300 120 300
18 24 90 20 300 20 390
19 20 90 120 300 210 300
21 26 135 310 300 210 390
21 27 90 310 300 310 390
22 29 127 410 300 500 390
24 25 100 20 390 120 390
25 26 90 120 390 210 390
26 27 100 210 390 310 390
27 28 100 310 390 410 390